0 0.07333333333333333 0.345 0.07333333333333333 0.32625 0.5975 0.32625 0.5975 0.36375 0.5891666666666666 0.36375 0.5891666666666666 0.3825 0.034166666666666665 0.3825 0.034166666666666665 0.345 
0 0.07666666666666666 0.40125 0.07666666666666666 0.3825 0.5975 0.3825 0.5975 0.3825 0.5625 0.3825 0.5625 0.40125 0.034166666666666665 0.40125 0.034166666666666665 0.40125 
0 0.060833333333333336 0.45125 0.060833333333333336 0.43125 0.6 0.43125 0.6 0.45125 0.5616666666666666 0.45125 0.5616666666666666 0.47125 0.055 0.47125 0.055 0.45125 
0 0.041666666666666664 0.6025 0.041666666666666664 0.58375 0.5733333333333334 0.58375 0.5733333333333334 0.58375 0.5283333333333333 0.58375 0.5283333333333333 0.6025 0.0325 0.6025 0.0325 0.6025 
0 0.10916666666666666 0.62125 0.10916666666666666 0.6025 0.5733333333333334 0.6025 0.5733333333333334 0.6025 0.5025 0.6025 0.5025 0.62125 0.0325 0.62125 0.0325 0.62125 
0 0.08 0.64 0.08 0.62125 0.5733333333333334 0.62125 0.5733333333333334 0.62125 0.56 0.62125 0.56 0.64 0.0325 0.64 0.0325 0.64 
0 0.07416666666666667 0.731875 0.07416666666666667 0.713125 0.5808333333333333 0.713125 0.5808333333333333 0.750625 0.5791666666666667 0.750625 0.5791666666666667 0.769375 0.035833333333333335 0.769375 0.035833333333333335 0.731875 
0 0.115 0.788125 0.115 0.769375 0.5808333333333333 0.769375 0.5808333333333333 0.788125 0.5008333333333334 0.788125 0.5008333333333334 0.806875 0.035833333333333335 0.806875 0.035833333333333335 0.788125 
0 0.06833333333333333 0.89 0.06833333333333333 0.87125 0.49583333333333335 0.87125 0.49583333333333335 0.90875 0.45166666666666666 0.90875 0.45166666666666666 0.9275 0.035833333333333335 0.9275 0.035833333333333335 0.89 

