0 0.08666666666666667 0.059375 0.08666666666666667 0.04125 0.435 0.04125 0.435 0.0775 0.3958333333333333 0.0775 0.3958333333333333 0.095625 0.04666666666666667 0.095625 0.04666666666666667 0.059375 
0 0.059166666666666666 0.11375 0.059166666666666666 0.095625 0.435 0.095625 0.435 0.095625 0.355 0.095625 0.355 0.11375 0.04666666666666667 0.11375 0.04666666666666667 0.11375 
0 0.05333333333333334 0.18625 0.05333333333333334 0.168125 0.4583333333333333 0.168125 0.4583333333333333 0.204375 0.44916666666666666 0.204375 0.44916666666666666 0.2225 0.04666666666666667 0.2225 0.04666666666666667 0.18625 
0 0.11583333333333333 0.40625 0.11583333333333333 0.384375 0.455 0.384375 0.455 0.428125 0.39416666666666667 0.428125 0.39416666666666667 0.45 0.06416666666666666 0.45 0.06416666666666666 0.40625 
0 0.06333333333333334 0.559375 0.06333333333333334 0.54125 0.44916666666666666 0.54125 0.44916666666666666 0.61375 0.4425 0.61375 0.4425 0.631875 0.04666666666666667 0.631875 0.04666666666666667 0.559375 
0 0.07 0.65 0.07 0.631875 0.44916666666666666 0.631875 0.44916666666666666 0.631875 0.4225 0.631875 0.4225 0.65 0.04666666666666667 0.65 0.04666666666666667 0.65 
0 0.11916666666666667 0.898125 0.11916666666666667 0.88 0.4666666666666667 0.88 0.4666666666666667 0.91625 0.4558333333333333 0.91625 0.4558333333333333 0.934375 0.04666666666666667 0.934375 0.04666666666666667 0.898125 
0 0.0875 0.9525 0.0875 0.934375 0.4666666666666667 0.934375 0.4666666666666667 0.934375 0.3883333333333333 0.934375 0.3883333333333333 0.9525 0.04666666666666667 0.9525 0.04666666666666667 0.9525 
0 0.5675 0.665 0.5675 0.646875 0.9108333333333334 0.646875 0.9108333333333334 0.646875 0.8758333333333334 0.646875 0.8758333333333334 0.665 0.495 0.665 0.495 0.665 
0 0.545 0.968125 0.545 0.95 0.9108333333333334 0.95 0.9108333333333334 0.95 0.8908333333333334 0.95 0.8908333333333334 0.968125 0.495 0.968125 0.495 0.968125 

