0 0.0625 0.204375 0.0625 0.18625 0.4583333333333333 0.18625 0.4583333333333333 0.204375 0.39416666666666667 0.204375 0.39416666666666667 0.2225 0.04666666666666667 0.2225 0.04666666666666667 0.204375 
0 0.13083333333333333 0.31875 0.13083333333333333 0.296875 0.455 0.296875 0.455 0.384375 0.37833333333333335 0.384375 0.37833333333333335 0.40625 0.06416666666666666 0.40625 0.06416666666666666 0.31875 
0 0.14583333333333334 0.45 0.14583333333333334 0.428125 0.455 0.428125 0.455 0.428125 0.44 0.428125 0.44 0.45 0.06416666666666666 0.45 0.06416666666666666 0.45 
0 0.0725 0.65 0.0725 0.631875 0.44916666666666666 0.631875 0.44916666666666666 0.631875 0.44416666666666665 0.631875 0.44416666666666665 0.65 0.04666666666666667 0.65 0.04666666666666667 0.65 
0 0.12666666666666668 0.74 0.12666666666666668 0.721875 0.44916666666666666 0.721875 0.44916666666666666 0.721875 0.4191666666666667 0.721875 0.4191666666666667 0.74 0.04666666666666667 0.74 0.04666666666666667 0.74 
0 0.06583333333333333 0.758125 0.06583333333333333 0.74 0.44916666666666666 0.74 0.44916666666666666 0.74 0.37 0.74 0.37 0.758125 0.04666666666666667 0.758125 0.04666666666666667 0.758125 
0 0.06333333333333334 0.84375 0.06333333333333334 0.825625 0.4666666666666667 0.825625 0.4666666666666667 0.861875 0.38916666666666666 0.861875 0.38916666666666666 0.88 0.04666666666666667 0.88 0.04666666666666667 0.84375 
0 0.07833333333333334 0.934375 0.07833333333333334 0.91625 0.4666666666666667 0.91625 0.4666666666666667 0.934375 0.405 0.934375 0.405 0.9525 0.04666666666666667 0.9525 0.04666666666666667 0.934375 
0 0.5758333333333333 0.665 0.5758333333333333 0.646875 0.9108333333333334 0.646875 0.9108333333333334 0.646875 0.885 0.646875 0.885 0.665 0.495 0.665 0.495 0.665 
0 0.5066666666666667 0.733125 0.5066666666666667 0.715 0.9108333333333334 0.715 0.9108333333333334 0.733125 0.8383333333333334 0.733125 0.8383333333333334 0.75125 0.495 0.75125 0.495 0.733125 
0 0.54 0.931875 0.54 0.91375 0.9108333333333334 0.91375 0.9108333333333334 0.91375 0.8741666666666666 0.91375 0.8741666666666666 0.931875 0.495 0.931875 0.495 0.931875 
0 0.5033333333333333 0.968125 0.5033333333333333 0.95 0.9108333333333334 0.95 0.9108333333333334 0.95 0.8383333333333334 0.95 0.8383333333333334 0.968125 0.495 0.968125 0.495 0.968125 

