0 0.060833333333333336 0.15 0.060833333333333336 0.131875 0.4583333333333333 0.131875 0.4583333333333333 0.204375 0.4266666666666667 0.204375 0.4266666666666667 0.2225 0.04666666666666667 0.2225 0.04666666666666667 0.15 
0 0.0775 0.40625 0.0775 0.384375 0.455 0.384375 0.455 0.384375 0.4191666666666667 0.384375 0.4191666666666667 0.40625 0.06416666666666666 0.40625 0.06416666666666666 0.40625 
0 0.12333333333333334 0.45 0.12333333333333334 0.428125 0.455 0.428125 0.455 0.428125 0.39 0.428125 0.39 0.45 0.06416666666666666 0.45 0.06416666666666666 0.45 
0 0.12833333333333333 0.65 0.12833333333333333 0.631875 0.44916666666666666 0.631875 0.44916666666666666 0.631875 0.4166666666666667 0.631875 0.4166666666666667 0.65 0.04666666666666667 0.65 0.04666666666666667 0.65 
0 0.0825 0.721875 0.0825 0.70375 0.44916666666666666 0.70375 0.44916666666666666 0.70375 0.37583333333333335 0.70375 0.37583333333333335 0.721875 0.04666666666666667 0.721875 0.04666666666666667 0.721875 
0 0.06416666666666666 0.825625 0.06416666666666666 0.8075 0.4666666666666667 0.8075 0.4666666666666667 0.88 0.4608333333333333 0.88 0.4608333333333333 0.898125 0.04666666666666667 0.898125 0.04666666666666667 0.825625 
0 0.08666666666666667 0.91625 0.08666666666666667 0.898125 0.4666666666666667 0.898125 0.4666666666666667 0.934375 0.4116666666666667 0.934375 0.4116666666666667 0.9525 0.04666666666666667 0.9525 0.04666666666666667 0.91625 
0 0.5725 0.5925 0.5725 0.574375 0.9108333333333334 0.574375 0.9108333333333334 0.5925 0.9083333333333333 0.5925 0.9083333333333333 0.610625 0.495 0.610625 0.495 0.5925 
0 0.5775 0.62875 0.5775 0.610625 0.9108333333333334 0.610625 0.9108333333333334 0.646875 0.86 0.646875 0.86 0.665 0.495 0.665 0.495 0.62875 
0 0.56 0.733125 0.56 0.715 0.9108333333333334 0.715 0.9108333333333334 0.733125 0.8316666666666667 0.733125 0.8316666666666667 0.75125 0.495 0.75125 0.495 0.733125 
0 0.5258333333333334 0.931875 0.5258333333333334 0.91375 0.9108333333333334 0.91375 0.9108333333333334 0.931875 0.8458333333333333 0.931875 0.8458333333333333 0.95 0.495 0.95 0.495 0.931875 

