0 0.08 0.3825 0.08 0.36375 0.5975 0.36375 0.5975 0.36375 0.5783333333333334 0.36375 0.5783333333333334 0.3825 0.034166666666666665 0.3825 0.034166666666666665 0.3825 
0 0.10333333333333333 0.40125 0.10333333333333333 0.3825 0.5975 0.3825 0.5975 0.3825 0.5683333333333334 0.3825 0.5683333333333334 0.40125 0.034166666666666665 0.40125 0.034166666666666665 0.40125 
0 0.1125 0.45125 0.1125 0.43125 0.6 0.43125 0.6 0.43125 0.5341666666666667 0.43125 0.5341666666666667 0.45125 0.055 0.45125 0.055 0.45125 
0 0.10083333333333333 0.47125 0.10083333333333333 0.45125 0.6 0.45125 0.6 0.45125 0.5933333333333334 0.45125 0.5933333333333334 0.47125 0.055 0.47125 0.055 0.47125 
0 0.05 0.64 0.05 0.62125 0.5733333333333334 0.62125 0.5733333333333334 0.62125 0.5266666666666666 0.62125 0.5266666666666666 0.64 0.0325 0.64 0.0325 0.64 
0 0.06666666666666667 0.769375 0.06666666666666667 0.750625 0.5808333333333333 0.750625 0.5808333333333333 0.750625 0.5058333333333334 0.750625 0.5058333333333334 0.769375 0.035833333333333335 0.769375 0.035833333333333335 0.769375 
0 0.105 0.788125 0.105 0.769375 0.5808333333333333 0.769375 0.5808333333333333 0.769375 0.5441666666666667 0.769375 0.5441666666666667 0.788125 0.035833333333333335 0.788125 0.035833333333333335 0.788125 
0 0.11333333333333333 0.806875 0.11333333333333333 0.788125 0.5808333333333333 0.788125 0.5808333333333333 0.788125 0.5516666666666666 0.788125 0.5516666666666666 0.806875 0.035833333333333335 0.806875 0.035833333333333335 0.806875 
0 0.0975 0.89 0.0975 0.87125 0.49583333333333335 0.87125 0.49583333333333335 0.89 0.42916666666666664 0.89 0.42916666666666664 0.90875 0.035833333333333335 0.90875 0.035833333333333335 0.89 
0 0.10833333333333334 0.9275 0.10833333333333334 0.90875 0.49583333333333335 0.90875 0.49583333333333335 0.9275 0.43166666666666664 0.9275 0.43166666666666664 0.94625 0.035833333333333335 0.94625 0.035833333333333335 0.9275 

