0 0.095 0.059375 0.095 0.04125 0.435 0.04125 0.435 0.04125 0.42583333333333334 0.04125 0.42583333333333334 0.059375 0.04666666666666667 0.059375 0.04666666666666667 0.059375 
0 0.08166666666666667 0.0775 0.08166666666666667 0.059375 0.435 0.059375 0.435 0.059375 0.3525 0.059375 0.3525 0.0775 0.04666666666666667 0.0775 0.04666666666666667 0.0775 
0 0.065 0.11375 0.065 0.095625 0.435 0.095625 0.435 0.095625 0.4075 0.095625 0.4075 0.11375 0.04666666666666667 0.11375 0.04666666666666667 0.11375 
0 0.0575 0.61375 0.0575 0.595625 0.44916666666666666 0.595625 0.44916666666666666 0.631875 0.3975 0.631875 0.3975 0.65 0.04666666666666667 0.65 0.04666666666666667 0.61375 
0 0.0825 0.70375 0.0825 0.685625 0.44916666666666666 0.685625 0.44916666666666666 0.74 0.4008333333333333 0.74 0.4008333333333333 0.758125 0.04666666666666667 0.758125 0.04666666666666667 0.70375 
0 0.0575 0.9525 0.0575 0.934375 0.4666666666666667 0.934375 0.4666666666666667 0.934375 0.43 0.934375 0.43 0.9525 0.04666666666666667 0.9525 0.04666666666666667 0.9525 
0 0.5375 0.62875 0.5375 0.610625 0.9108333333333334 0.610625 0.9108333333333334 0.646875 0.9041666666666667 0.646875 0.9041666666666667 0.665 0.495 0.665 0.495 0.62875 
0 0.5666666666666667 0.696875 0.5666666666666667 0.67875 0.9108333333333334 0.67875 0.9108333333333334 0.715 0.8391666666666666 0.715 0.8391666666666666 0.733125 0.495 0.733125 0.495 0.696875 
0 0.5558333333333333 0.75125 0.5558333333333333 0.733125 0.9108333333333334 0.733125 0.9108333333333334 0.733125 0.8683333333333333 0.733125 0.8683333333333333 0.75125 0.495 0.75125 0.495 0.75125 
0 0.5366666666666666 0.968125 0.5366666666666666 0.95 0.9108333333333334 0.95 0.9108333333333334 0.95 0.8783333333333333 0.95 0.8783333333333333 0.968125 0.495 0.968125 0.495 0.968125 

