0 0.14416666666666667 0.2825 0.14416666666666667 0.265625 0.5108333333333334 0.265625 0.5108333333333334 0.299375 0.4866666666666667 0.299375 0.4866666666666667 0.31625 0.0825 0.31625 0.0825 0.2825 
0 0.12166666666666667 0.37125 0.12166666666666667 0.354375 0.4925 0.354375 0.4925 0.388125 0.48583333333333334 0.388125 0.48583333333333334 0.405 0.08666666666666667 0.405 0.08666666666666667 0.37125 
0 0.15166666666666667 0.43875 0.15166666666666667 0.421875 0.4925 0.421875 0.4925 0.43875 0.4191666666666667 0.43875 0.4191666666666667 0.455625 0.08666666666666667 0.455625 0.08666666666666667 0.43875 
0 0.09166666666666666 0.4725 0.09166666666666666 0.455625 0.4925 0.455625 0.4925 0.455625 0.4241666666666667 0.455625 0.4241666666666667 0.4725 0.08666666666666667 0.4725 0.08666666666666667 0.4725 
0 0.09416666666666666 0.489375 0.09416666666666666 0.4725 0.4925 0.4725 0.4925 0.4725 0.4675 0.4725 0.4675 0.489375 0.08666666666666667 0.489375 0.08666666666666667 0.489375 
0 0.5625 0.03625 0.5625 0.019375 0.945 0.019375 0.945 0.03625 0.9375 0.03625 0.9375 0.053125 0.5391666666666667 0.053125 0.5391666666666667 0.03625 
0 0.5941666666666666 0.495 0.5941666666666666 0.478125 0.9558333333333333 0.478125 0.9558333333333333 0.714375 0.9116666666666666 0.714375 0.9116666666666666 0.73125 0.5458333333333333 0.73125 0.5458333333333333 0.495 
0 0.62 0.781875 0.62 0.765 0.9558333333333333 0.765 0.9558333333333333 0.765 0.9408333333333333 0.765 0.9408333333333333 0.781875 0.5458333333333333 0.781875 0.5458333333333333 0.781875 
0 0.5716666666666667 0.868125 0.5716666666666667 0.85125 0.9575 0.85125 0.9575 0.85125 0.9025 0.85125 0.9025 0.868125 0.5475 0.868125 0.5475 0.868125 
0 0.575 0.91875 0.575 0.901875 0.9575 0.901875 0.9575 0.91875 0.9333333333333333 0.91875 0.9333333333333333 0.935625 0.5475 0.935625 0.5475 0.91875 

