0 0.0925 0.265625 0.0925 0.24875 0.5108333333333334 0.24875 0.5108333333333334 0.265625 0.44 0.265625 0.44 0.2825 0.0825 0.2825 0.0825 0.265625 
0 0.105 0.299375 0.105 0.2825 0.5108333333333334 0.2825 0.5108333333333334 0.299375 0.4625 0.299375 0.4625 0.31625 0.0825 0.31625 0.0825 0.299375 
0 0.15416666666666667 0.455625 0.15416666666666667 0.43875 0.4925 0.43875 0.4925 0.43875 0.4116666666666667 0.43875 0.4116666666666667 0.455625 0.08666666666666667 0.455625 0.08666666666666667 0.455625 
0 0.6075 0.309375 0.6075 0.2925 0.9575 0.2925 0.9575 0.309375 0.9491666666666667 0.309375 0.9491666666666667 0.32625 0.5416666666666666 0.32625 0.5416666666666666 0.309375 
0 0.5816666666666667 0.36 0.5816666666666667 0.343125 0.9575 0.343125 0.9575 0.376875 0.9025 0.376875 0.9025 0.39375 0.5416666666666666 0.39375 0.5416666666666666 0.36 
0 0.5841666666666666 0.6975 0.5841666666666666 0.680625 0.9558333333333333 0.680625 0.9558333333333333 0.680625 0.9141666666666667 0.680625 0.9141666666666667 0.6975 0.5458333333333333 0.6975 0.5458333333333333 0.6975 
0 0.6266666666666667 0.765 0.6266666666666667 0.748125 0.9558333333333333 0.748125 0.9558333333333333 0.748125 0.9241666666666667 0.748125 0.9241666666666667 0.765 0.5458333333333333 0.765 0.5458333333333333 0.765 
0 0.5666666666666667 0.781875 0.5666666666666667 0.765 0.9558333333333333 0.765 0.9558333333333333 0.781875 0.94 0.781875 0.94 0.79875 0.5458333333333333 0.79875 0.5458333333333333 0.781875 
0 0.6225 0.935625 0.6225 0.91875 0.9575 0.91875 0.9575 0.9525 0.9058333333333334 0.9525 0.9058333333333334 0.969375 0.5475 0.969375 0.5475 0.935625 

