0 0.11083333333333334 0.059375 0.11083333333333334 0.04125 0.435 0.04125 0.435 0.059375 0.4191666666666667 0.059375 0.4191666666666667 0.0775 0.04666666666666667 0.0775 0.04666666666666667 0.059375 
0 0.09583333333333334 0.15 0.09583333333333334 0.131875 0.4583333333333333 0.131875 0.4583333333333333 0.168125 0.41083333333333333 0.168125 0.41083333333333333 0.18625 0.04666666666666667 0.18625 0.04666666666666667 0.15 
0 0.14083333333333334 0.3625 0.14083333333333334 0.340625 0.455 0.340625 0.455 0.384375 0.385 0.384375 0.385 0.40625 0.06416666666666666 0.40625 0.06416666666666666 0.3625 
0 0.14583333333333334 0.428125 0.14583333333333334 0.40625 0.455 0.40625 0.455 0.428125 0.38916666666666666 0.428125 0.38916666666666666 0.45 0.06416666666666666 0.45 0.06416666666666666 0.428125 
0 0.1025 0.61375 0.1025 0.595625 0.44916666666666666 0.595625 0.44916666666666666 0.631875 0.405 0.631875 0.405 0.65 0.04666666666666667 0.65 0.04666666666666667 0.61375 
0 0.525 0.574375 0.525 0.55625 0.9108333333333334 0.55625 0.9108333333333334 0.55625 0.8608333333333333 0.55625 0.8608333333333333 0.574375 0.495 0.574375 0.495 0.574375 
0 0.5075 0.610625 0.5075 0.5925 0.9108333333333334 0.5925 0.9108333333333334 0.62875 0.9058333333333334 0.62875 0.9058333333333334 0.646875 0.495 0.646875 0.495 0.610625 
0 0.5358333333333334 0.665 0.5358333333333334 0.646875 0.9108333333333334 0.646875 0.9108333333333334 0.646875 0.8608333333333333 0.646875 0.8608333333333333 0.665 0.495 0.665 0.495 0.665 
0 0.5441666666666667 0.715 0.5441666666666667 0.696875 0.9108333333333334 0.696875 0.9108333333333334 0.733125 0.8366666666666667 0.733125 0.8366666666666667 0.75125 0.495 0.75125 0.495 0.715 
0 0.5408333333333334 0.931875 0.5408333333333334 0.91375 0.9108333333333334 0.91375 0.9108333333333334 0.931875 0.8683333333333333 0.931875 0.8683333333333333 0.95 0.495 0.95 0.495 0.931875 
0 0.5275 0.968125 0.5275 0.95 0.9108333333333334 0.95 0.9108333333333334 0.95 0.8633333333333333 0.95 0.8633333333333333 0.968125 0.495 0.968125 0.495 0.968125 

