0 0.10833333333333334 0.059375 0.10833333333333334 0.04125 0.435 0.04125 0.435 0.059375 0.4083333333333333 0.059375 0.4083333333333333 0.0775 0.04666666666666667 0.0775 0.04666666666666667 0.059375 
0 0.10583333333333333 0.095625 0.10583333333333333 0.0775 0.435 0.0775 0.435 0.095625 0.355 0.095625 0.355 0.11375 0.04666666666666667 0.11375 0.04666666666666667 0.095625 
0 0.07416666666666667 0.384375 0.07416666666666667 0.3625 0.455 0.3625 0.455 0.3625 0.4375 0.3625 0.4375 0.384375 0.06416666666666666 0.384375 0.06416666666666666 0.384375 
0 0.07083333333333333 0.84375 0.07083333333333333 0.825625 0.4666666666666667 0.825625 0.4666666666666667 0.898125 0.43916666666666665 0.898125 0.43916666666666665 0.91625 0.04666666666666667 0.91625 0.04666666666666667 0.84375 
0 0.059166666666666666 0.934375 0.059166666666666666 0.91625 0.4666666666666667 0.91625 0.4666666666666667 0.91625 0.4625 0.91625 0.4625 0.934375 0.04666666666666667 0.934375 0.04666666666666667 0.934375 
0 0.06666666666666667 0.9525 0.06666666666666667 0.934375 0.4666666666666667 0.934375 0.4666666666666667 0.934375 0.455 0.934375 0.455 0.9525 0.04666666666666667 0.9525 0.04666666666666667 0.9525 
0 0.5083333333333333 0.5925 0.5083333333333333 0.574375 0.9108333333333334 0.574375 0.9108333333333334 0.610625 0.84 0.610625 0.84 0.62875 0.495 0.62875 0.495 0.5925 
0 0.5633333333333334 0.646875 0.5633333333333334 0.62875 0.9108333333333334 0.62875 0.9108333333333334 0.62875 0.8466666666666667 0.62875 0.8466666666666667 0.646875 0.495 0.646875 0.495 0.646875 
0 0.5333333333333333 0.75125 0.5333333333333333 0.733125 0.9108333333333334 0.733125 0.9108333333333334 0.733125 0.8691666666666666 0.733125 0.8691666666666666 0.75125 0.495 0.75125 0.495 0.75125 
0 0.5116666666666667 0.931875 0.5116666666666667 0.91375 0.9108333333333334 0.91375 0.9108333333333334 0.931875 0.8925 0.931875 0.8925 0.95 0.495 0.95 0.495 0.931875 

