0 0.10416666666666667 0.0775 0.10416666666666667 0.059375 0.435 0.059375 0.435 0.095625 0.375 0.095625 0.375 0.11375 0.04666666666666667 0.11375 0.04666666666666667 0.0775 
0 0.058333333333333334 0.18625 0.058333333333333334 0.168125 0.4583333333333333 0.168125 0.4583333333333333 0.204375 0.4075 0.204375 0.4075 0.2225 0.04666666666666667 0.2225 0.04666666666666667 0.18625 
0 0.0875 0.428125 0.0875 0.40625 0.455 0.40625 0.455 0.40625 0.4116666666666667 0.40625 0.4116666666666667 0.428125 0.06416666666666666 0.428125 0.06416666666666666 0.428125 
0 0.0625 0.758125 0.0625 0.74 0.44916666666666666 0.74 0.44916666666666666 0.74 0.385 0.74 0.385 0.758125 0.04666666666666667 0.758125 0.04666666666666667 0.758125 
0 0.12083333333333333 0.91625 0.12083333333333333 0.898125 0.4666666666666667 0.898125 0.4666666666666667 0.898125 0.41083333333333333 0.898125 0.41083333333333333 0.91625 0.04666666666666667 0.91625 0.04666666666666667 0.91625 
0 0.07666666666666666 0.934375 0.07666666666666666 0.91625 0.4666666666666667 0.91625 0.4666666666666667 0.91625 0.4033333333333333 0.91625 0.4033333333333333 0.934375 0.04666666666666667 0.934375 0.04666666666666667 0.934375 
0 0.5225 0.646875 0.5225 0.62875 0.9108333333333334 0.62875 0.9108333333333334 0.646875 0.8541666666666666 0.646875 0.8541666666666666 0.665 0.495 0.665 0.495 0.646875 
0 0.5425 0.696875 0.5425 0.67875 0.9108333333333334 0.67875 0.9108333333333334 0.696875 0.8275 0.696875 0.8275 0.715 0.495 0.715 0.495 0.696875 
0 0.5375 0.733125 0.5375 0.715 0.9108333333333334 0.715 0.9108333333333334 0.733125 0.8458333333333333 0.733125 0.8458333333333333 0.75125 0.495 0.75125 0.495 0.733125 

