0 0.06 0.204375 0.06 0.18625 0.4583333333333333 0.18625 0.4583333333333333 0.18625 0.45166666666666666 0.18625 0.45166666666666666 0.204375 0.04666666666666667 0.204375 0.04666666666666667 0.204375 
0 0.1025 0.2225 0.1025 0.204375 0.4583333333333333 0.204375 0.4583333333333333 0.204375 0.42 0.204375 0.42 0.2225 0.04666666666666667 0.2225 0.04666666666666667 0.2225 
0 0.09416666666666666 0.340625 0.09416666666666666 0.31875 0.455 0.31875 0.455 0.40625 0.38166666666666665 0.40625 0.38166666666666665 0.428125 0.06416666666666666 0.428125 0.06416666666666666 0.340625 
0 0.12 0.45 0.12 0.428125 0.455 0.428125 0.455 0.428125 0.4116666666666667 0.428125 0.4116666666666667 0.45 0.06416666666666666 0.45 0.06416666666666666 0.45 
0 0.1 0.5775 0.1 0.559375 0.44916666666666666 0.559375 0.44916666666666666 0.61375 0.44333333333333336 0.61375 0.44333333333333336 0.631875 0.04666666666666667 0.631875 0.04666666666666667 0.5775 
0 0.095 0.65 0.095 0.631875 0.44916666666666666 0.631875 0.44916666666666666 0.631875 0.44166666666666665 0.631875 0.44166666666666665 0.65 0.04666666666666667 0.65 0.04666666666666667 0.65 
0 0.075 0.74 0.075 0.721875 0.44916666666666666 0.721875 0.44916666666666666 0.721875 0.40166666666666667 0.721875 0.40166666666666667 0.74 0.04666666666666667 0.74 0.04666666666666667 0.74 
0 0.1275 0.758125 0.1275 0.74 0.44916666666666666 0.74 0.44916666666666666 0.74 0.4325 0.74 0.4325 0.758125 0.04666666666666667 0.758125 0.04666666666666667 0.758125 
0 0.5516666666666666 0.75125 0.5516666666666666 0.733125 0.9108333333333334 0.733125 0.9108333333333334 0.733125 0.91 0.733125 0.91 0.75125 0.495 0.75125 0.495 0.75125 
0 0.5608333333333333 0.968125 0.5608333333333333 0.95 0.9108333333333334 0.95 0.9108333333333334 0.95 0.8383333333333334 0.95 0.8383333333333334 0.968125 0.495 0.968125 0.495 0.968125 

