0 0.15703703703703703 0.168 0.15703703703703703 0.15555555555555556 0.9407407407407408 0.15555555555555556 0.9407407407407408 0.168 0.92 0.168 0.92 0.18044444444444444 0.03111111111111111 0.18044444444444444 0.03111111111111111 0.168 
0 0.05185185185185185 0.24266666666666667 0.05185185185185185 0.23022222222222222 0.9407407407407408 0.23022222222222222 0.9407407407407408 0.23022222222222222 0.8651851851851852 0.23022222222222222 0.8651851851851852 0.24266666666666667 0.03111111111111111 0.24266666666666667 0.03111111111111111 0.24266666666666667 
0 0.12148148148148148 0.2551111111111111 0.12148148148148148 0.24266666666666667 0.9407407407407408 0.24266666666666667 0.9407407407407408 0.24266666666666667 0.8162962962962963 0.24266666666666667 0.8162962962962963 0.2551111111111111 0.03111111111111111 0.2551111111111111 0.03111111111111111 0.2551111111111111 
0 0.037037037037037035 0.36444444444444446 0.037037037037037035 0.34933333333333333 0.9407407407407408 0.34933333333333333 0.9407407407407408 0.34933333333333333 0.9274074074074075 0.34933333333333333 0.9274074074074075 0.36444444444444446 0.03111111111111111 0.36444444444444446 0.03111111111111111 0.36444444444444446 
0 0.05333333333333334 0.37955555555555553 0.05333333333333334 0.36444444444444446 0.9407407407407408 0.36444444444444446 0.9407407407407408 0.36444444444444446 0.8651851851851852 0.36444444444444446 0.8651851851851852 0.37955555555555553 0.03111111111111111 0.37955555555555553 0.03111111111111111 0.37955555555555553 
0 0.09037037037037036 0.4631111111111111 0.09037037037037036 0.4471111111111111 0.9407407407407408 0.4471111111111111 0.9407407407407408 0.4951111111111111 0.9037037037037037 0.4951111111111111 0.9037037037037037 0.5111111111111111 0.03111111111111111 0.5111111111111111 0.03111111111111111 0.4631111111111111 
0 0.12 0.5751111111111111 0.12 0.5591111111111111 0.9407407407407408 0.5591111111111111 0.9407407407407408 0.6071111111111112 0.8444444444444444 0.6071111111111112 0.8444444444444444 0.6231111111111111 0.03111111111111111 0.6231111111111111 0.03111111111111111 0.5751111111111111 
0 0.06222222222222222 0.6551111111111111 0.06222222222222222 0.6391111111111111 0.9407407407407408 0.6391111111111111 0.9407407407407408 0.6551111111111111 0.88 0.6551111111111111 0.88 0.6711111111111111 0.03111111111111111 0.6711111111111111 0.03111111111111111 0.6551111111111111 
0 0.04148148148148148 0.9057777777777778 0.04148148148148148 0.8826666666666667 0.9407407407407408 0.8826666666666667 0.9407407407407408 0.8826666666666667 0.9362962962962963 0.8826666666666667 0.9362962962962963 0.9057777777777778 0.03111111111111111 0.9057777777777778 0.03111111111111111 0.9057777777777778 

