0 0.09333333333333334 0.265625 0.09333333333333334 0.24875 0.5108333333333334 0.24875 0.5108333333333334 0.265625 0.5075 0.265625 0.5075 0.2825 0.0825 0.2825 0.0825 0.265625 
0 0.0925 0.299375 0.0925 0.2825 0.5108333333333334 0.2825 0.5108333333333334 0.2825 0.44916666666666666 0.2825 0.44916666666666666 0.299375 0.0825 0.299375 0.0825 0.299375 
0 0.1275 0.31625 0.1275 0.299375 0.5108333333333334 0.299375 0.5108333333333334 0.299375 0.48833333333333334 0.299375 0.48833333333333334 0.31625 0.0825 0.31625 0.0825 0.31625 
0 0.58 0.053125 0.58 0.03625 0.945 0.03625 0.945 0.03625 0.915 0.03625 0.915 0.053125 0.5391666666666667 0.053125 0.5391666666666667 0.053125 
0 0.6133333333333333 0.174375 0.6133333333333333 0.1575 0.9575 0.1575 0.9575 0.1575 0.9058333333333334 0.1575 0.9058333333333334 0.174375 0.5416666666666666 0.174375 0.5416666666666666 0.174375 
0 0.605 0.275625 0.605 0.25875 0.9575 0.25875 0.9575 0.309375 0.915 0.309375 0.915 0.32625 0.5416666666666666 0.32625 0.5416666666666666 0.275625 
0 0.6116666666666667 0.36 0.6116666666666667 0.343125 0.9575 0.343125 0.9575 0.36 0.905 0.36 0.905 0.376875 0.5416666666666666 0.376875 0.5416666666666666 0.36 
0 0.5933333333333334 0.39375 0.5933333333333334 0.376875 0.9575 0.376875 0.9575 0.376875 0.9116666666666666 0.376875 0.9116666666666666 0.39375 0.5416666666666666 0.39375 0.5416666666666666 0.39375 
0 0.6125 0.969375 0.6125 0.9525 0.9575 0.9525 0.9575 0.9525 0.8858333333333334 0.9525 0.8858333333333334 0.969375 0.5475 0.969375 0.5475 0.969375 

