0 0.11916666666666667 0.299375 0.11916666666666667 0.2825 0.5108333333333334 0.2825 0.5108333333333334 0.299375 0.44416666666666665 0.299375 0.44416666666666665 0.31625 0.0825 0.31625 0.0825 0.299375 
0 0.15666666666666668 0.43875 0.15666666666666668 0.421875 0.4925 0.421875 0.4925 0.43875 0.4583333333333333 0.43875 0.4583333333333333 0.455625 0.08666666666666667 0.455625 0.08666666666666667 0.43875 
0 0.5575 0.053125 0.5575 0.03625 0.945 0.03625 0.945 0.03625 0.8633333333333333 0.03625 0.8633333333333333 0.053125 0.5391666666666667 0.053125 0.5391666666666667 0.053125 
0 0.5708333333333333 0.275625 0.5708333333333333 0.25875 0.9575 0.25875 0.9575 0.25875 0.905 0.25875 0.905 0.275625 0.5416666666666666 0.275625 0.5416666666666666 0.275625 
0 0.5733333333333334 0.478125 0.5733333333333334 0.46125 0.9558333333333333 0.46125 0.9558333333333333 0.52875 0.8958333333333334 0.52875 0.8958333333333334 0.545625 0.5458333333333333 0.545625 0.5458333333333333 0.478125 
0 0.5783333333333334 0.59625 0.5783333333333334 0.579375 0.9558333333333333 0.579375 0.9558333333333333 0.66375 0.9491666666666667 0.66375 0.9491666666666667 0.680625 0.5458333333333333 0.680625 0.5458333333333333 0.59625 
0 0.5941666666666666 0.781875 0.5941666666666666 0.765 0.9558333333333333 0.765 0.9558333333333333 0.765 0.9008333333333334 0.765 0.9008333333333334 0.781875 0.5458333333333333 0.781875 0.5458333333333333 0.781875 
0 0.6225 0.79875 0.6225 0.781875 0.9558333333333333 0.781875 0.9558333333333333 0.781875 0.89 0.781875 0.89 0.79875 0.5458333333333333 0.79875 0.5458333333333333 0.79875 
0 0.5975 0.885 0.5975 0.868125 0.9575 0.868125 0.9575 0.885 0.925 0.885 0.925 0.901875 0.5475 0.901875 0.5475 0.885 
0 0.5825 0.9525 0.5825 0.935625 0.9575 0.935625 0.9575 0.9525 0.9408333333333333 0.9525 0.9408333333333333 0.969375 0.5475 0.969375 0.5475 0.9525 

