0 0.12666666666666668 0.265625 0.12666666666666668 0.24875 0.5108333333333334 0.24875 0.5108333333333334 0.2825 0.44666666666666666 0.2825 0.44666666666666666 0.299375 0.0825 0.299375 0.0825 0.265625 
0 0.08416666666666667 0.31625 0.08416666666666667 0.299375 0.5108333333333334 0.299375 0.5108333333333334 0.299375 0.5091666666666667 0.299375 0.5091666666666667 0.31625 0.0825 0.31625 0.0825 0.31625 
0 0.09916666666666667 0.405 0.09916666666666667 0.388125 0.4925 0.388125 0.4925 0.455625 0.49166666666666664 0.455625 0.49166666666666664 0.4725 0.08666666666666667 0.4725 0.08666666666666667 0.405 
0 0.1 0.489375 0.1 0.4725 0.4925 0.4725 0.4925 0.4725 0.43333333333333335 0.4725 0.43333333333333335 0.489375 0.08666666666666667 0.489375 0.08666666666666667 0.489375 
0 0.5875 0.225 0.5875 0.208125 0.9575 0.208125 0.9575 0.2925 0.9275 0.2925 0.9275 0.309375 0.5416666666666666 0.309375 0.5416666666666666 0.225 
0 0.605 0.376875 0.605 0.36 0.9575 0.36 0.9575 0.376875 0.8875 0.376875 0.8875 0.39375 0.5416666666666666 0.39375 0.5416666666666666 0.376875 
0 0.6258333333333334 0.59625 0.6258333333333334 0.579375 0.9558333333333333 0.579375 0.9558333333333333 0.748125 0.8866666666666667 0.748125 0.8866666666666667 0.765 0.5458333333333333 0.765 0.5458333333333333 0.59625 
0 0.5775 0.79875 0.5775 0.781875 0.9558333333333333 0.781875 0.9558333333333333 0.781875 0.9466666666666667 0.781875 0.9466666666666667 0.79875 0.5458333333333333 0.79875 0.5458333333333333 0.79875 
0 0.6291666666666667 0.868125 0.6291666666666667 0.85125 0.9575 0.85125 0.9575 0.885 0.9083333333333333 0.885 0.9083333333333333 0.901875 0.5475 0.901875 0.5475 0.868125 
0 0.6233333333333333 0.969375 0.6233333333333333 0.9525 0.9575 0.9525 0.9575 0.9525 0.9516666666666667 0.9525 0.9516666666666667 0.969375 0.5475 0.969375 0.5475 0.969375 

