0 0.12166666666666667 0.04125 0.12166666666666667 0.023125 0.435 0.023125 0.435 0.095625 0.39416666666666667 0.095625 0.39416666666666667 0.11375 0.04666666666666667 0.11375 0.04666666666666667 0.04125 
0 0.13583333333333333 0.31875 0.13583333333333333 0.296875 0.455 0.296875 0.455 0.31875 0.425 0.31875 0.425 0.340625 0.06416666666666666 0.340625 0.06416666666666666 0.31875 
0 0.13833333333333334 0.428125 0.13833333333333334 0.40625 0.455 0.40625 0.455 0.40625 0.43333333333333335 0.40625 0.43333333333333335 0.428125 0.06416666666666666 0.428125 0.06416666666666666 0.428125 
0 0.11916666666666667 0.45 0.11916666666666667 0.428125 0.455 0.428125 0.455 0.428125 0.3775 0.428125 0.3775 0.45 0.06416666666666666 0.45 0.06416666666666666 0.45 
0 0.08166666666666667 0.61375 0.08166666666666667 0.595625 0.44916666666666666 0.595625 0.44916666666666666 0.595625 0.4125 0.595625 0.4125 0.61375 0.04666666666666667 0.61375 0.04666666666666667 0.61375 
0 0.065 0.65 0.065 0.631875 0.44916666666666666 0.631875 0.44916666666666666 0.631875 0.42916666666666664 0.631875 0.42916666666666664 0.65 0.04666666666666667 0.65 0.04666666666666667 0.65 
0 0.10333333333333333 0.91625 0.10333333333333333 0.898125 0.4666666666666667 0.898125 0.4666666666666667 0.934375 0.465 0.934375 0.465 0.9525 0.04666666666666667 0.9525 0.04666666666666667 0.91625 
0 0.5175 0.665 0.5175 0.646875 0.9108333333333334 0.646875 0.9108333333333334 0.646875 0.855 0.646875 0.855 0.665 0.495 0.665 0.495 0.665 
0 0.51 0.733125 0.51 0.715 0.9108333333333334 0.715 0.9108333333333334 0.733125 0.8291666666666667 0.733125 0.8291666666666667 0.75125 0.495 0.75125 0.495 0.733125 
0 0.5766666666666667 0.95 0.5766666666666667 0.931875 0.9108333333333334 0.931875 0.9108333333333334 0.95 0.8641666666666666 0.95 0.8641666666666666 0.968125 0.495 0.968125 0.495 0.95 

