0 0.09583333333333334 0.31625 0.09583333333333334 0.299375 0.5108333333333334 0.299375 0.5108333333333334 0.299375 0.5083333333333333 0.299375 0.5083333333333333 0.31625 0.0825 0.31625 0.0825 0.31625 
0 0.12166666666666667 0.455625 0.12166666666666667 0.43875 0.4925 0.43875 0.4925 0.455625 0.4716666666666667 0.455625 0.4716666666666667 0.4725 0.08666666666666667 0.4725 0.08666666666666667 0.455625 
0 0.08916666666666667 0.489375 0.08916666666666667 0.4725 0.4925 0.4725 0.4925 0.4725 0.48583333333333334 0.4725 0.48583333333333334 0.489375 0.08666666666666667 0.489375 0.08666666666666667 0.489375 
0 0.5958333333333333 0.03625 0.5958333333333333 0.019375 0.945 0.019375 0.945 0.03625 0.8958333333333334 0.03625 0.8958333333333334 0.053125 0.5391666666666667 0.053125 0.5391666666666667 0.03625 
0 0.6041666666666666 0.343125 0.6041666666666666 0.32625 0.9575 0.32625 0.9575 0.32625 0.8941666666666667 0.32625 0.8941666666666667 0.343125 0.5416666666666666 0.343125 0.5416666666666666 0.343125 
0 0.61 0.376875 0.61 0.36 0.9575 0.36 0.9575 0.376875 0.8875 0.376875 0.8875 0.39375 0.5416666666666666 0.39375 0.5416666666666666 0.376875 
0 0.6208333333333333 0.46125 0.6208333333333333 0.444375 0.9558333333333333 0.444375 0.9558333333333333 0.444375 0.8966666666666666 0.444375 0.8966666666666666 0.46125 0.5458333333333333 0.46125 0.5458333333333333 0.46125 
0 0.5658333333333333 0.73125 0.5658333333333333 0.714375 0.9558333333333333 0.714375 0.9558333333333333 0.73125 0.8966666666666666 0.73125 0.8966666666666666 0.748125 0.5458333333333333 0.748125 0.5458333333333333 0.73125 
0 0.5941666666666666 0.781875 0.5941666666666666 0.765 0.9558333333333333 0.765 0.9558333333333333 0.765 0.9016666666666666 0.765 0.9016666666666666 0.781875 0.5458333333333333 0.781875 0.5458333333333333 0.781875 
0 0.6033333333333334 0.79875 0.6033333333333334 0.781875 0.9558333333333333 0.781875 0.9558333333333333 0.781875 0.895 0.781875 0.895 0.79875 0.5458333333333333 0.79875 0.5458333333333333 0.79875 
0 0.5975 0.868125 0.5975 0.85125 0.9575 0.85125 0.9575 0.868125 0.8908333333333334 0.868125 0.8908333333333334 0.885 0.5475 0.885 0.5475 0.868125 
0 0.5533333333333333 0.969375 0.5533333333333333 0.9525 0.9575 0.9525 0.9575 0.9525 0.8908333333333334 0.9525 0.8908333333333334 0.969375 0.5475 0.969375 0.5475 0.969375 

