0 0.10211946050096339 0.18615751789976134 0.10211946050096339 0.16945107398568018 0.9364161849710982 0.16945107398568018 0.9364161849710982 0.16945107398568018 0.7976878612716763 0.16945107398568018 0.7976878612716763 0.18615751789976134 0.06551059730250482 0.18615751789976134 0.06551059730250482 0.18615751789976134 
0 0.10211946050096339 0.20286396181384247 0.10211946050096339 0.18615751789976134 0.9364161849710982 0.18615751789976134 0.9364161849710982 0.20286396181384247 0.9171483622350675 0.20286396181384247 0.9171483622350675 0.21957040572792363 0.06551059730250482 0.21957040572792363 0.06551059730250482 0.20286396181384247 
0 0.09633911368015415 0.2852028639618138 0.09633911368015415 0.26968973747016706 0.9364161849710982 0.26968973747016706 0.9364161849710982 0.3162291169451074 0.8304431599229287 0.3162291169451074 0.8304431599229287 0.3317422434367542 0.06358381502890173 0.3317422434367542 0.06358381502890173 0.2852028639618138 
0 0.23314065510597304 0.34725536992840095 0.23314065510597304 0.3317422434367542 0.9364161849710982 0.3317422434367542 0.9364161849710982 0.3317422434367542 0.8786127167630058 0.3317422434367542 0.8786127167630058 0.34725536992840095 0.06358381502890173 0.34725536992840095 0.06358381502890173 0.34725536992840095 
0 0.16184971098265896 0.37828162291169454 0.16184971098265896 0.3627684964200477 0.9364161849710982 0.3627684964200477 0.9364161849710982 0.3627684964200477 0.791907514450867 0.3627684964200477 0.791907514450867 0.37828162291169454 0.06358381502890173 0.37828162291169454 0.06358381502890173 0.37828162291169454 
0 0.0905587668593449 0.4677804295942721 0.0905587668593449 0.4522673031026253 0.9344894026974951 0.4522673031026253 0.9344894026974951 0.48329355608591884 0.9152215799614644 0.48329355608591884 0.9152215799614644 0.4988066825775656 0.05973025048169557 0.4988066825775656 0.05973025048169557 0.4677804295942721 
0 0.08863198458574181 0.5143198090692124 0.08863198458574181 0.4988066825775656 0.9344894026974951 0.4988066825775656 0.9344894026974951 0.5143198090692124 0.8651252408477842 0.5143198090692124 0.8651252408477842 0.5298329355608592 0.05973025048169557 0.5298329355608592 0.05973025048169557 0.5143198090692124 
0 0.1001926782273603 0.545346062052506 0.1001926782273603 0.5298329355608592 0.9344894026974951 0.5298329355608592 0.9344894026974951 0.5298329355608592 0.8998073217726397 0.5298329355608592 0.8998073217726397 0.545346062052506 0.05973025048169557 0.545346062052506 0.05973025048169557 0.545346062052506 
0 0.1252408477842004 0.698090692124105 0.1252408477842004 0.6825775656324582 0.9344894026974951 0.6825775656324582 0.9344894026974951 0.7136038186157518 0.766859344894027 0.7136038186157518 0.766859344894027 0.7291169451073986 0.05973025048169557 0.7291169451073986 0.05973025048169557 0.698090692124105 
0 0.1676300578034682 0.7446300715990454 0.1676300578034682 0.7291169451073986 0.9344894026974951 0.7291169451073986 0.9344894026974951 0.7291169451073986 0.8034682080924855 0.7291169451073986 0.8034682080924855 0.7446300715990454 0.05973025048169557 0.7446300715990454 0.05973025048169557 0.7446300715990454 
0 0.17341040462427745 0.7875894988066826 0.17341040462427745 0.7720763723150358 0.9344894026974951 0.7720763723150358 0.9344894026974951 0.8031026252983293 0.7726396917148363 0.8031026252983293 0.7726396917148363 0.8186157517899761 0.05973025048169557 0.8186157517899761 0.05973025048169557 0.7875894988066826 
0 0.2524084778420039 0.8651551312649165 0.2524084778420039 0.8496420047732697 0.9344894026974951 0.8496420047732697 0.9344894026974951 0.8496420047732697 0.8747591522157996 0.8496420047732697 0.8747591522157996 0.8651551312649165 0.05973025048169557 0.8651551312649165 0.05973025048169557 0.8651551312649165 

