0 0.07083333333333333 0.095625 0.07083333333333333 0.0775 0.435 0.0775 0.435 0.095625 0.4091666666666667 0.095625 0.4091666666666667 0.11375 0.04666666666666667 0.11375 0.04666666666666667 0.095625 
0 0.125 0.15 0.125 0.131875 0.4583333333333333 0.131875 0.4583333333333333 0.15 0.45416666666666666 0.15 0.45416666666666666 0.168125 0.04666666666666667 0.168125 0.04666666666666667 0.15 
0 0.07583333333333334 0.204375 0.07583333333333334 0.18625 0.4583333333333333 0.18625 0.4583333333333333 0.204375 0.4525 0.204375 0.4525 0.2225 0.04666666666666667 0.2225 0.04666666666666667 0.204375 
0 0.105 0.45 0.105 0.428125 0.455 0.428125 0.455 0.428125 0.42916666666666664 0.428125 0.42916666666666664 0.45 0.06416666666666666 0.45 0.06416666666666666 0.45 
0 0.0975 0.65 0.0975 0.631875 0.44916666666666666 0.631875 0.44916666666666666 0.631875 0.4275 0.631875 0.4275 0.65 0.04666666666666667 0.65 0.04666666666666667 0.65 
0 0.07916666666666666 0.758125 0.07916666666666666 0.74 0.44916666666666666 0.74 0.44916666666666666 0.74 0.4216666666666667 0.74 0.4216666666666667 0.758125 0.04666666666666667 0.758125 0.04666666666666667 0.758125 
0 0.5716666666666667 0.62875 0.5716666666666667 0.610625 0.9108333333333334 0.610625 0.9108333333333334 0.646875 0.8666666666666667 0.646875 0.8666666666666667 0.665 0.495 0.665 0.495 0.62875 
0 0.565 0.696875 0.565 0.67875 0.9108333333333334 0.67875 0.9108333333333334 0.733125 0.8591666666666666 0.733125 0.8591666666666666 0.75125 0.495 0.75125 0.495 0.696875 
0 0.5025 0.95 0.5025 0.931875 0.9108333333333334 0.931875 0.9108333333333334 0.931875 0.8383333333333334 0.931875 0.8383333333333334 0.95 0.495 0.95 0.495 0.95 
0 0.5666666666666667 0.968125 0.5666666666666667 0.95 0.9108333333333334 0.95 0.9108333333333334 0.95 0.8533333333333334 0.95 0.8533333333333334 0.968125 0.495 0.968125 0.495 0.968125 

