0 0.12416666666666666 0.059375 0.12416666666666666 0.04125 0.435 0.04125 0.435 0.095625 0.43416666666666665 0.095625 0.43416666666666665 0.11375 0.04666666666666667 0.11375 0.04666666666666667 0.059375 
0 0.11916666666666667 0.204375 0.11916666666666667 0.18625 0.4583333333333333 0.18625 0.4583333333333333 0.204375 0.42583333333333334 0.204375 0.42583333333333334 0.2225 0.04666666666666667 0.2225 0.04666666666666667 0.204375 
0 0.12583333333333332 0.275 0.12583333333333332 0.253125 0.455 0.253125 0.455 0.253125 0.37166666666666665 0.253125 0.37166666666666665 0.275 0.06416666666666666 0.275 0.06416666666666666 0.275 
0 0.06 0.65 0.06 0.631875 0.44916666666666666 0.631875 0.44916666666666666 0.631875 0.3975 0.631875 0.3975 0.65 0.04666666666666667 0.65 0.04666666666666667 0.65 
0 0.06666666666666667 0.898125 0.06666666666666667 0.88 0.4666666666666667 0.88 0.4666666666666667 0.934375 0.4066666666666667 0.934375 0.4066666666666667 0.9525 0.04666666666666667 0.9525 0.04666666666666667 0.898125 
0 0.49916666666666665 0.646875 0.49916666666666665 0.62875 0.9108333333333334 0.62875 0.9108333333333334 0.62875 0.8975 0.62875 0.8975 0.646875 0.495 0.646875 0.495 0.646875 
0 0.5 0.665 0.5 0.646875 0.9108333333333334 0.646875 0.9108333333333334 0.646875 0.8725 0.646875 0.8725 0.665 0.495 0.665 0.495 0.665 
0 0.5508333333333333 0.696875 0.5508333333333333 0.67875 0.9108333333333334 0.67875 0.9108333333333334 0.715 0.9066666666666666 0.715 0.9066666666666666 0.733125 0.495 0.733125 0.495 0.696875 
0 0.5325 0.75125 0.5325 0.733125 0.9108333333333334 0.733125 0.9108333333333334 0.733125 0.8775 0.733125 0.8775 0.75125 0.495 0.75125 0.495 0.75125 

