0 0.09083333333333334 0.095625 0.09083333333333334 0.0775 0.435 0.0775 0.435 0.095625 0.36583333333333334 0.095625 0.36583333333333334 0.11375 0.04666666666666667 0.11375 0.04666666666666667 0.095625 
0 0.13916666666666666 0.384375 0.13916666666666666 0.3625 0.455 0.3625 0.455 0.3625 0.38333333333333336 0.3625 0.38333333333333336 0.384375 0.06416666666666666 0.384375 0.06416666666666666 0.384375 
0 0.065 0.45 0.065 0.428125 0.455 0.428125 0.455 0.428125 0.38666666666666666 0.428125 0.38666666666666666 0.45 0.06416666666666666 0.45 0.06416666666666666 0.45 
0 0.095 0.5775 0.095 0.559375 0.44916666666666666 0.559375 0.44916666666666666 0.559375 0.4025 0.559375 0.4025 0.5775 0.04666666666666667 0.5775 0.04666666666666667 0.5775 
0 0.10583333333333333 0.721875 0.10583333333333333 0.70375 0.44916666666666666 0.70375 0.44916666666666666 0.74 0.4275 0.74 0.4275 0.758125 0.04666666666666667 0.758125 0.04666666666666667 0.721875 
0 0.08833333333333333 0.84375 0.08833333333333333 0.825625 0.4666666666666667 0.825625 0.4666666666666667 0.934375 0.44416666666666665 0.934375 0.44416666666666665 0.9525 0.04666666666666667 0.9525 0.04666666666666667 0.84375 
0 0.5158333333333334 0.646875 0.5158333333333334 0.62875 0.9108333333333334 0.62875 0.9108333333333334 0.62875 0.8891666666666667 0.62875 0.8891666666666667 0.646875 0.495 0.646875 0.495 0.646875 
0 0.54 0.665 0.54 0.646875 0.9108333333333334 0.646875 0.9108333333333334 0.646875 0.91 0.646875 0.91 0.665 0.495 0.665 0.495 0.665 
0 0.5666666666666667 0.931875 0.5666666666666667 0.91375 0.9108333333333334 0.91375 0.9108333333333334 0.95 0.8325 0.95 0.8325 0.968125 0.495 0.968125 0.495 0.931875 

